45.031957 31.290902
46.672343 26.389555
32.542674 21.017393
30.500233 23.434703
41.751186 22.758685
44.451185 29.754149
47.749851 27.697976
31.642231 9.937571
24.665916 16.143953
42.622818 26.371792
24.083592 18.189349
38.808142 28.150690
33.105553 22.562422
32.285358 27.261836
46.236261 12.433533
38.422169 22.531891
46.833165 26.127871
31.368672 26.356844
42.389068 16.058526
44.565670 19.073990
45.803904 18.017837
47.926755 31.258192
41.024725 30.433572
41.075734 28.935743
32.060207 16.471500
49.184180 32.721021
38.594901 26.698301
33.646758 11.526453
42.657677 31.990897
37.395722 20.531354
29.593978 26.500044
34.497092 24.319878
34.327801 17.092128
32.172783 17.495558
30.532397 25.288300
43.424125 9.892910
45.210245 28.576365
34.901397 27.205982
28.763356 16.492435
34.176465 25.789862
37.241424 24.410298
34.375566 11.655925
38.842473 27.559228
33.668592 11.682133
46.287723 32.577237
29.615713 18.356936
42.748283 31.792464
36.395810 23.401992
40.721925 23.260247
47.629725 34.711804
39.592231 25.336128
42.661762 16.258780
37.576408 14.508868
48.455545 13.201378
32.317523 23.271150
46.704507 23.020369
46.759832 32.718247
44.678149 18.911925
39.936120 18.251339
39.499677 20.994496
29.841023 10.591781
26.495923 18.254770
34.397907 22.730713
33.861417 15.173110
37.426669 18.417644
30.307246 27.883336
28.356986 17.278025
44.558194 33.505951
37.135592 27.758164
39.007725 16.470628
42.490968 20.438417
47.718653 29.897711
42.141843 27.303502
45.032302 21.215325
