2724.92180674
5164.50231245
2947.13363865
723.26573424
236.82085935
9512.62237756
5600.86940005
25271.1620094
17063.6601631
14220.5549551
22128.3565753
17215.1051401
14585.0155978
10839.2671635
13854.8830181
15220.9675295
33953.2048431
10344.6835794
25771.8754278
12401.8725101
33525.2343109
45961.5195429
35565.3911635
29242.8099792
30012.2063371
43227.8390307
48679.2727618
40252.2801843
51232.2009046
42494.4955032
50247.4318722
20005.788426
50892.6323337
38343.7731025
29121.8150616
53973.2807473
37324.5901925
69327.7520448
68591.5199763
62812.2882669
66356.2113063
79903.6028799
79407.2049947
49111.4923119
65349.7464049
59543.7671953
42910.4870373
39701.3804185
68338.6506254
101812.637143
45926.2226011
79440.8145971
57996.8960016
90157.4474485
49393.8776383
50925.9405238
51918.4807332
75509.4056334
39637.8058963
87774.3088253
88633.9695817
31725.1477324
92355.4688698
55885.3535772
48063.960155
46633.1485868
49132.5440809
105134.454948
61540.2013655
61348.7419807
77280.9458947
84654.2154505
78353.6536997
37483.1823986
103772.838046
48393.7444187
57713.6300855
56027.4579257
80187.324586
43721.5254046
73266.2526096
53822.9008776
48942.6261402
77967.7735236
49557.481612
73537.7607909
74174.639322
50180.3536032
86859.6323214
64050.2938311
53715.6345046
68776.9877425
52214.5539067
63064.8936897
64977.3871891
47150.8914103
85422.3079991
40792.9374208
66380.674011
47016.6715957
