2976.34781434
8846.82280727
2947.13363865
723.26573424
236.82085935
11105.5292485
7573.82672143
32009.2775555
24371.6059162
21657.6520501
32600.6885194
22804.877161
21285.9265739
18664.5189663
20541.7629284
20426.8901193
41417.9390251
18389.9605715
42385.7186023
18184.4067726
42868.4985821
66218.8974365
44438.9557739
52316.9171329
37558.4609361
54670.7544773
78495.2351768
69199.1405823
64422.3264902
63524.5355794
81523.8387965
41032.3487576
88030.0454756
73660.6330481
46004.9507106
80693.6761211
84886.6298119
103438.042391
111043.173861
106476.209221
99845.0134687
121507.793475
116082.504415
111192.383261
100081.465787
103607.060431
73334.1402106
82949.8793807
101022.330835
156100.152212
87946.1645419
139533.857546
109463.67528
142231.315317
109746.824992
106667.246794
128315.766631
148316.31519
88472.6744462
144588.065862
185091.648933
120936.976185
151290.495681
124873.306151
123899.579258
121684.238823
133537.131436
199342.463003
127843.079556
172767.211607
164965.110175
206838.670108
179018.211208
130197.087439
179890.023762
152173.638241
157254.969763
143383.550228
165247.531583
103863.556922
207363.56357
156198.556953
124808.757338
249081.950081
198460.710876
206759.109005
189833.989816
196889.108698
245919.007103
228865.705562
171629.925664
183708.882899
166720.997487
197711.058714
218443.507981
187506.680439
221188.904155
193109.616127
221112.985372
171919.480564
