277773.388303
182833.78014
0
0
156720.868735
284864.356532
125384.74989
179854.805196
43461.665508
109537.191031
10289.091887
46308.424299
214229.770659
102716.749724
106864.134809
337384.57727
409747.931346
306867.358093
610452.438293
197209.922747
612903.745562
382145.417883
698732.575974
608117.606913
723922.121124
945680.352869
614575.601642
761728.987192
471606.426196
1041626.42611
1222479.04693
706424.182175
1094990.20428
910140.500145
1135959.22494
997775.378889
1158555.22187
1309750.59044
856511.655147
1163365.79351
1470140.61207
1396884.51757
809471.093954
1489901.20439
1021982.07361
1281491.38373
1766861.64902
1684435.59893
1605758.09153
1774525.90366
1685505.09828
1836853.01337
1952623.82409
2388471.63092
1378114.14281
2130783.05834
2351700.85465
1939180.49736
2431470.95553
2040691.70977
2169483.23679
1936588.71922
1620479.78678
2290563.50713
2617453.00371
2173994.07268
2269172.6315
2320413.84508
2573800.74702
2678798.42716
2598119.77377
3166772.54022
2308055.77507
3332638.29974
2362377.29151
2329299.10603
2767680.18725
2936896.1965
2818447.5208
2876073.01138
3095346.07789
3386800.47252
3198974.85591
2751810.6611
2708887.62553
3060879.47328
3187099.96564
3680795.54366
3931460.31607
2815826.90802
3523081.38938
3173865.9274
3693810.40249
3783339.2542
4013094.57695
3771260.1163
3298590.5865
2719237.20706
3910549.10136
3522654.30637
4234255.19779
4341541.672
3473940.02453
3639271.97405
4329340.23728
4251479.50437
4437107.65224
4827750.68833
4775312.91395
4104898.17387
3420.1498276
0
6053.16056156
5606.73466273
5415.89215966
24341.105862
11870.4189178
15565.4261754
22196.2427786
12630.2741559
45252.6953262
25776.4242938
21648.0194121
19483.9253918
9221.76975129
25554.7325784
31815.0689381
22445.20213
40089.2250801
33264.916423
63395.8857528
33928.2184831
55458.5369666
32106.6236615
40817.3253893
28490.1270858
45469.1751362
31475.5424834
37318.8197171
50042.2819137
54063.2595803
55678.149009
87137.0073054
77874.5083509
52130.8588823
90880.4278036
91009.2492644
102133.243286
74366.6379154
71046.4512305
81144.4904984
54449.3270974
64815.3691975
59074.1097397
94244.6886242
73505.2991756
111288.444382
79705.1281652
74810.1674502
129354.848837
110146.116877
135690.967834
149788.388981
126344.382593
107181.154999
111431.300423
154673.481406
142293.842477
126597.582468
95630.4501076
147836.440285
147257.616055
116910.872525
91010.4381309
141568.984683
156397.37822
128709.958657
149546.751685
134411.023583
172556.375978
140556.398558
148461.116574
141819.915712
179970.221782
171141.183812
142702.36285
161634.794552
249872.714855
154858.155278
129432.024736
165075.894464
171762.340959
150961.825585
168528.885158
125836.576165
178594.015097
179858.730174
234059.555601
150489.958291
214128.991608
163903.925317
188790.075487
184478.907846
172391.402064
207151.24439
150077.595018
264611.45402
202090.990859
195548.509771
210787.367429
11440.842398
246376.721705
105739.909934
0
78558.574444
322014.957346
359286.298559
688072.783121
462885.821587
439024.835868
637530.705043
667690.451574
596288.229035
850262.094663
227673.422172
954516.568406
731075.229214
706936.753145
1234770.7185
773244.45687
1519513.44891
892036.484563
1488171.54551
964426.881686
1511286.45501
1361905.32171
1345351.44972
1557399.70362
1178724.44666
1790701.06228
1644599.21706
2324788.28566
2557562.28304
1851099.31662
1455364.04516
2582477.6481
2441790.02917
2681552.1749
2200301.30949
1735095.84972
2602187.48152
2657146.52827
3066693.85127
2601055.9187
3507052.18473
3256211.71178
3715786.75716
2594896.32629
2310166.2602
3379055.5599
2976710.87524
3683709.43019
2719074.27899
3128500.30411
3018307.98182
3881338.81449
4838809.3404
4115468.22097
3852921.99309
4157864.86307
3054900.37434
3849642.33342
4918027.05744
3589640.69469
3917858.03482
4308648.44447
4876088.49826
3818921.77355
5386492.70171
4174264.6935
4480137.79673
5133034.2792
4894663.34699
5367950.80083
4769301.08849
5675143.86256
4889129.72845
6428653.66174
4859538.67611
5376022.96397
5121078.50174
5643887.3418
6707259.25804
5055415.86208
5577451.18876
6558282.10836
5795253.39441
5478799.01801
6432157.43167
5424748.74352
6273489.16978
5827715.06597
6842598.69546
7376575.18805
6675078.76852
7260635.12898
6956107.10497
6528089.24042
7086469.59861
6290576.7699
82987.735438
273826.839742
155202.097526
192258.723365
151176.51375
702390.074276
435678.820169
369708.321029
257291.624422
297209.460429
702201.467181
707853.967812
624941.39257
357929.196287
702409.284754
637383.627122
830606.557863
543972.659472
1032324.45978
1196654.7132
1087899.15424
728474.844288
1232802.43623
1476126.01202
1024986.9646
1247874.81855
1657782.93232
1017797.02444
1332340.80077
1289558.12807
1201669.93536
1919720.81261
1976279.66009
1285924.80745
2128568.34181
1934862.16841
1377183.59928
1828276.37145
1544117.65122
1417342.67812
1565376.37183
1643247.84452
1689113.37356
1884301.20043
1968514.33477
2246518.58502
1750817.15552
1760152.77322
2196320.72479
1651527.45873
2396631.04623
2416026.24334
2071057.35542
1692456.5876
3323416.56335
2472576.75992
2939782.07283
1934540.63055
2216668.877
2436570.53818
2548999.04092
2581141.91752
2740985.78834
2453128.80045
2901018.39211
2886257.05713
2793615.75118
2781453.67426
3020964.96682
3262508.98355
2926877.10925
2889465.53011
3608939.2822
3688134.34632
4006282.0198
3543528.0195
4059139.69181
3082668.06361
3593353.28761
2909233.71387
3263755.07761
3915724.49608
3264807.73849
3738179.69478
2879789.68217
3109855.76989
4281605.08704
4419663.90592
3533480.16851
3540338.4075
4635748.4549
3167113.21178
3794195.34727
4134337.32134
3466136.07492
3922424.96412
4581551.99831
3735372.59692
4633633.43152
2951185.07515
235061.555404
161997.25139
62940.51
93328.095647
208457.752756
819098.268444
406791.950679
567231.742273
663416.922353
290872.484979
578453.90583
634194.478019
394947.32666
678942.171482
1040775.19101
1064228.53202
818088.730082
704257.166062
1003816.2982
1329189.91739
1114011.28892
1598924.40931
1343639.25707
1462932.16897
1297898.74464
1375902.01206
2055184.62118
1789210.992
1591987.83259
1838509.47355
1778292.08655
1891137.43624
1929069.15578
2217973.1318
1663078.65149
2268737.227
2305402.07615
2488934.0719
1833793.01719
2428335.64127
3043782.08718
2707265.37824
2146294.84344
2666605.89546
2837769.13009
2556581.9963
3282845.8924
3124449.15271
2915395.4554
3352014.88742
3334061.86744
4135176.81026
4352627.34435
3342984.56469
2814201.91986
4548640.19492
4935681.21473
4056684.5596
4257879.38231
3620016.9692
4859768.54917
3976747.05615
5127210.25183
5244615.86101
4942396.51727
5199044.69223
4540513.63254
4425533.06448
3834609.51114
4519872.66463
5785454.7786
5355667.96829
4509622.99442
3913538.8659
5251815.7269
4488005.70685
5245369.46567
5863412.34812
5800595.3253
4671659.44192
5544285.85201
7685676.31797
5008275.4035
5449520.78773
5245843.26715
5629820.40158
6770236.17124
6166991.88896
5269110.80902
5434125.88606
6399612.04224
6152299.47515
6290525.20435
7003157.35803
6234856.19302
4950996.92141
7313157.45774
8082894.9302
7090822.06539
7482176.92391
233654.699269
238468.749483
254871.007022
275447.774046
70485.974794
423309.39159
390120.254759
134315.170572
344823.759329
182748.279145
322868.595987
1036574.47947
700234.443214
592842.9063
555107.033919
571124.222949
593508.689484
569797.768628
563683.656953
478968.847115
983325.540016
926640.592783
1194698.15267
1050986.13644
1279844.82716
1175472.91299
1259333.04077
1064070.94578
770052.556817
1023882.21781
1596562.45532
1547677.39839
1841034.46656
1245436.5757
1117372.6285
1230605.49367
1679549.37936
1385652.22423
2262113.98529
1731230.65728
1987424.38648
1187502.28852
1784680.92559
1655733.15447
1548960.07487
1901005.4295
1823355.11876
2086077.60698
1861236.94572
2274710.69518
2368471.4465
2722864.58127
2965666.46977
2087200.16736
2537683.78491
2275418.53805
2384855.01067
2583941.73715
2399097.40007
3105649.17573
1651154.09809
2562745.11377
2498244.84469
2969392.6013
2984364.93583
2766668.30353
2241603.63863
2811535.7636
3169449.3917
3791853.35363
3368978.99167
2926679.65241
2849716.00824
3108477.91395
3514968.84728
3621489.56552
2632148.40237
3591890.63971
3115396.39703
3104546.8689
3607961.63296
3340490.43758
3351844.59747
3255199.69219
3903977.19981
3580445.68436
3546948.80455
4049593.08778
3398388.79948
3574562.29278
3490881.97886
3800949.06715
3389142.0219
3824739.12729
4150189.77275
4649651.1575
2989677.55479
3646966.27191
3473971.79171
3110125.90394
2785.3958481
5427.63356327
1149.01929508
1942.36943926
2316.33695857
19745.5281658
17545.4407592
25877.8635442
13351.47198
2443.11503435
51841.9081369
25542.8471082
32674.0618613
18182.2916194
19878.2383203
37441.1512745
39887.6033434
27719.4466405
35025.0070482
45390.726929
30846.3933097
12884.2250493
35874.7413713
53220.420694
77599.6284487
50426.385412
69030.8122883
70395.0822648
72047.0256522
132731.932634
73508.9776904
45201.7311903
65373.83334
74282.8091565
40005.4136284
67475.8637124
66171.1194476
71577.3706072
101018.62799
107386.117223
121930.040084
80972.1818549
89930.5051643
122888.86918
127623.45371
116965.951762
76372.5961231
84907.267159
87208.3648781
65011.0881689
91965.1438017
143613.399068
89560.5521152
99310.5492329
123750.086848
130675.073568
93493.1998707
127126.023126
111862.638097
107603.518314
116066.446152
138423.713819
155198.523159
133007.297185
152073.594898
146942.320009
151147.306635
130578.563886
182844.064851
134616.982743
153434.99832
124552.145909
114502.544164
162234.939634
130946.343599
145509.933389
134261.082442
174076.541762
151477.753409
165132.930993
148241.666382
187761.874599
176907.269475
165186.143287
157077.799631
192570.6975
184324.903995
211391.210551
184338.785637
180804.252999
230100.48192
211039.94579
179263.444033
176463.651013
201957.023029
195829.342843
189439.310969
181540.395147
195024.367186
198689.967038
