0.0310001373291
0.0300002098083
0.029000043869
0.0309998989105
0.0299999713898
0.0869998931885
0.0889999866486
0.0889999866486
0.0889999866486
0.0929999351501
0.195000171661
0.18799996376
0.190999984741
0.188999891281
0.196000099182
0.361000061035
0.348000049591
0.34299993515
0.348000049591
0.357000112534
0.516999959946
0.503999948502
0.525000095367
0.510999917984
0.519000053406
0.783999919891
0.779000043869
0.743000030518
0.75200009346
0.736999988556
1.04999995232
1.05300021172
1.02699995041
1.0560002327
1.01999998093
1.31999993324
1.36500000954
1.3639998436
1.49300003052
1.36800003052
1.75400018692
1.75300002098
1.71300005913
1.71000003815
1.67900013924
2.20399999619
2.09999990463
2.15400004387
2.23399996758
2.29999995232
2.69599986076
2.73099994659
2.65300011635
2.71899986267
2.60899996758
3.20000004768
3.16500020027
3.31500005722
3.16599988937
3.10399985313
3.85800004005
3.68099999428
4.03500008583
3.73699998856
3.53300023079
4.35500001907
4.55099987984
4.49099993706
4.22600007057
4.56900000572
4.98199987411
5.2460000515
5.04200005531
5.1970000267
4.96300005913
6.06699991226
5.7539999485
5.96800017357
5.9279999733
6.37900018692
6.65400004387
6.875
7.33800005913
6.76099991798
7.42900013924
7.46399998665
7.99199986458
7.31299996376
7.95499992371
7.83800005913
8.79299998283
9.11200022697
9.31200003624
8.78099989891
8.94799995422
10.6960000992
10.498000145
10.3159999847
9.93399977684
9.59299993515
10.9930000305
11.263999939
10.9060001373
11.2820000648
10.614000082
11.7209999561
12.6549999714
12.0399999619
12.4279999733
13.4229998589
12.2839999199
14.7100000381
12.4519999027
13.5680000782
12.2809998989
15.5830001831
14.5180001259
14.2739999294
13.8259999752
13.993999958
17.6229999065
17.7680001259
17.2029998302
16.4769999981
15.3389999866
18.5379998684
17.2379999161
