0.0309998989105
0.0309998989105
0.0289998054504
0.0310001373291
0.0300002098083
0.0899999141693
0.0880000591278
0.0950000286102
0.0939998626709
0.0930001735687
0.206000089645
0.200999975204
0.230000019073
0.193000078201
0.197000026703
0.368999958038
0.388999938965
0.354000091553
0.376999855042
0.354000091553
0.531999826431
0.515000104904
0.483999967575
0.5
0.483999967575
0.81299996376
0.75
0.764999866486
0.75
0.719000101089
1.06300020218
0.984000205994
1.03100013733
1.07799983025
0.983999967575
1.31200003624
1.31200003624
1.29699993134
1.40599989891
1.3900001049
1.65600013733
2.00500011444
1.67200016975
1.84299993515
1.63999986649
2.2349998951
2.35899996758
2.09299993515
2.26600003242
2.34400010109
2.84300017357
2.65899991989
2.76499986649
2.5
2.875
3.32800006866
3.40600013733
2.90699982643
3.26900005341
3.20600008965
3.67100000381
4.16400003433
4.26599979401
4.32300019264
4.07800006866
4.28199982643
4.73400020599
4.01600003242
4.13999986649
4.8599998951
5.78900003433
5.21900010109
5.73100018501
5.85599994659
4.98500013351
5.96899986267
5.65700006485
6.53200006485
5.59400010109
5.81299996376
7.375
7.26600003242
7.50099992752
6.82899999619
7.56299996376
8.43799996376
8.26599979401
8.56299996376
7.61000013351
8.64100003242
9.48500013351
9.65699982643
9.90599989891
8.64599990845
9.97900009155
10.8599998951
10.7349998951
10.8440001011
8.87199997902
11.6819999218
0.0
0.0
0.0150001049042
0.0159997940063
0.0160000324249
0.0150001049042
0.0160000324249
0.0160000324249
0.0
0.0160000324249
0.0160000324249
0.0
0.0159997940063
0.0160000324249
0.0150001049042
0.0150001049042
0.0
0.0159997940063
0.0
0.0160000324249
0.0150001049042
0.0
0.0160000324249
0.0149998664856
0.0
0.0160000324249
0.0149998664856
0.0150001049042
0.0149998664856
0.0160000324249
0.0160000324249
0.0160000324249
0.0309998989105
0.0160000324249
0.0309998989105
0.0310001373291
0.0149998664856
0.0160000324249
0.0160000324249
0.0309998989105
0.0150001049042
0.0159997940063
0.0309998989105
0.0309998989105
0.0160000324249
0.0309998989105
0.0319998264313
0.0149998664856
0.0309998989105
0.0149998664856
0.0310001373291
0.0320000648499
0.0320000648499
0.0309998989105
0.0310001373291
0.0310001373291
0.0319998264313
0.0460000038147
0.0319998264313
0.0320000648499
0.0320000648499
0.047000169754
0.0309998989105
0.0319998264313
0.0469999313354
0.0469999313354
0.0469999313354
0.0469999313354
0.0460000038147
0.047000169754
0.0460000038147
0.047000169754
0.047000169754
0.0469999313354
0.0469999313354
0.0620000362396
0.0469999313354
0.0620000362396
0.0629999637604
0.0620000362396
0.063000202179
0.0620000362396
0.0629999637604
0.0629999637604
0.0629999637604
0.0780000686646
0.0780000686646
0.0629999637604
0.061999797821
0.0620000362396
0.077999830246
0.077999830246
0.0780000686646
0.077999830246
0.0780000686646
0.077999830246
0.0780000686646
0.0940001010895
0.077999830246
0.0940001010895
