8 8416.87406078
8 8401.8652
8 1046.04081087
8 2341.30064743
8 351.495907188
8 1967.64392401
8 2805.55229461
8 1265.95566704
8 6849.23163001
8 0.0
8 5057.29437964
8 1376.23263648
8 584.546744253
8 0.0
8 435.9339636
8 5815.04057401
8 0.0
8 2308.94510581
8 2083.31560584
8 2019.38191365
8 3575.3161424
8 1720.46193386
8 856.656823266
8 5842.53288357
8 3090.71661339
8 3726.12245913
8 3087.22191031
8 1098.91098895
8 1068.12582002
8 844.614195862
8 212.540953359
8 0.0
8 0.0
8 3503.53212746
8 1232.4578372
8 3621.00346854
8 5815.35672428
8 5767.41427809
8 3737.51688269
8 1703.8630618
8 8314.28728515
8 0.0
8 0.0
8 2107.01944207
8 1953.02136293
8 7908.24146324
8 0.0
8 0.0
8 7690.66461511
8 2070.28962622
8 5744.46682668
8 0.0
8 2317.06138956
8 1062.77342785
8 2237.52293648
8 2342.63465489
8 4477.68567955
8 4367.8023465
8 4399.54933345
8 3958.54503296
8 5558.73876321
8 2533.32794291
8 301.448530395
8 3628.40691517
8 26.4229080427
8 1508.03912986
8 5220.91222717
8 0.0
8 11092.6332363
8 4823.92279807
8 8441.46851606
8 0.0
8 4196.70816974
8 3371.76084083
8 0.0
8 186.072082085
8 345.710627663
8 15429.3588263
8 3524.46194295
8 10425.9199673
8 0.0
8 5522.00777073
8 0.0
8 2782.65826004
8 137.25693326
8 9883.37086881
8 0.0
8 5721.98637156
8 13892.2801064
8 2929.42522727
8 9169.63693792
8 3706.79755347
8 856.204647093
8 3176.46758043
8 3112.79995415
8 1200.35234643
8 3191.92530133
8 0.0
8 695.497619281
8 7384.28050726
16 14452.3462958
16 7568.38876082
16 4323.85832125
16 5148.12443355
16 20386.4086244
16 7902.78559444
16 3545.81702659
16 11654.7706598
16 3127.57074362
16 15716.1567253
16 5537.17051706
16 13026.6045637
16 22984.4461902
16 15292.6779709
16 8947.99466354
16 6025.57858633
16 5429.20299765
16 7732.12635051
16 9027.67266103
16 5547.92773648
16 10966.9873959
16 4250.53248977
16 2279.35513369
16 4203.52875567
16 16404.5919512
16 3500.09201269
16 13778.5713819
16 22092.6803295
16 14727.0024431
16 12125.0921175
16 2147.63728925
16 21662.6044669
16 6367.99890026
16 3643.03003937
16 11100.6698732
16 18657.789179
16 6686.60651961
16 14853.5822423
16 12295.5558251
16 12688.7781997
16 5923.31154919
16 4906.42788428
16 15479.6408695
16 16670.8473922
16 11390.5767081
16 5581.78016836
16 4933.42294542
16 3187.92627303
16 10641.7505025
16 13468.5695657
16 29161.229589
16 1562.79708245
16 17241.9960854
16 9832.45316341
16 510.068556176
16 16238.1989423
16 8071.7127567
16 1455.99081399
16 1575.32465299
16 13390.383278
16 20984.5377102
16 2260.20795516
16 7621.79079539
16 8689.18425063
16 7062.44833713
16 3483.68330326
16 4110.32075753
16 5183.56401663
16 9650.74894432
16 15593.6862378
16 3425.9525681
16 4783.12667794
16 7109.10096517
16 15349.369311
16 9941.31636953
16 5381.55113694
16 2078.38374909
16 4477.06419544
16 5330.15865324
16 17210.1565331
16 6750.67520707
16 4627.10007533
16 5645.15135874
16 8389.26275547
16 6787.41986992
16 12712.2044583
16 7250.19996244
16 4809.2348243
16 12690.1074721
16 9195.97945048
16 20021.9512965
16 10725.6114215
16 14390.2516287
16 4194.10578943
16 13912.5916656
16 15053.6147997
16 8602.84443415
16 13201.1056008
16 543.047799891
16 9303.9131105
24 36983.003519
24 27895.979998
24 16035.3097998
24 17582.9207205
24 25188.4951782
24 21650.2263612
24 27546.2588032
24 18160.8789424
24 26845.5742231
24 13158.4144238
24 12547.1312909
24 18905.5159597
24 16322.5454368
24 17128.3503055
24 46647.2292938
24 5596.03976624
24 18883.4371275
24 27173.0926439
24 14443.1006956
24 22361.197942
24 10068.5661282
24 6936.10105088
24 7360.59535143
24 20622.3197116
24 15944.9857791
24 11382.974736
24 5751.95931324
24 8799.98097763
24 19828.4185452
24 22028.7972468
24 35354.2329014
24 23052.4787285
24 2974.72969789
24 16735.7874667
24 21954.2402475
24 26987.6336923
24 16936.4140859
24 8241.4567956
24 6817.69200166
24 42173.4628352
24 31773.0637674
24 11713.807502
24 15385.0734637
24 13107.6522642
24 12422.7165726
24 11360.5611134
24 13440.8967579
24 20864.5490655
24 15254.3886909
24 8017.37415389
24 14056.2376221
24 14966.2106847
24 25051.1860731
24 18555.7763262
24 14757.5926557
24 16147.9911027
24 19385.8378778
24 18076.1357544
24 13591.7792377
24 10035.6779288
24 17849.6220111
24 30695.9706634
24 20126.389358
24 11768.0752336
24 18559.7547502
24 21088.0371925
24 17545.777503
24 16689.6752231
24 8099.94583182
24 9082.90781916
24 15005.0616721
24 8665.22250573
24 13394.4354156
24 8517.31814071
24 22769.9277233
24 20337.4524128
24 22862.6076123
24 30095.4534452
24 7665.43236626
24 24726.6483064
24 13718.7208161
24 10204.6094564
24 28487.3886794
24 25465.866775
24 13843.5249562
24 20937.9466315
24 9868.53998995
24 11365.2693669
24 7917.49374066
24 24537.2057788
24 7789.32414462
24 32269.5126419
24 3391.02209033
24 20591.9505365
24 4066.95994687
24 15179.8554969
24 26325.7337145
24 7655.72631997
24 32284.3452151
24 25199.6272313
32 17304.1245462
32 15098.0917045
32 17645.0841176
32 21791.698479
32 8911.28315575
32 16076.9164901
32 12865.6732652
32 25549.0361963
32 13556.388144
32 32345.2684289
32 13124.5116552
32 52674.450454
32 16763.5789818
32 33397.076393
32 34749.7778076
32 15191.3038108
32 14702.6777975
32 12905.3420177
32 32799.4135249
32 38907.5878812
32 35352.9943805
32 31562.5798078
32 31039.276616
32 29528.0764628
32 19383.9239666
32 13740.1482944
32 6828.65867084
32 45514.4583134
32 15509.4808382
32 22723.3665955
32 20768.4928811
32 36868.5484666
32 23824.7432857
32 20490.2891454
32 24407.5630866
32 29846.4884173
32 18447.2811934
32 29301.1102164
32 12106.786215
32 24174.4818444
32 31140.1533543
32 26575.7286066
32 37443.7169759
32 12526.1592414
32 26088.9180104
32 16888.5679432
32 66649.8822073
32 31309.7869035
32 27297.3891525
32 24266.1234157
32 20838.2517077
32 8884.64915735
32 20246.4592896
32 15438.3750019
32 32793.2708226
32 22104.2270442
32 26416.8580655
32 19452.3269633
32 24912.1343408
32 15392.2628177
32 12408.9072239
32 17539.46469
32 11180.4852339
32 61492.6757784
32 27462.1084629
32 16235.0047796
32 39292.8238941
32 17700.8411211
32 45457.1313476
32 32029.3062148
32 14787.9467422
32 44671.2731477
32 28128.5431058
32 16519.3072438
32 10457.6359912
32 26483.5202675
32 33644.3852637
32 27723.7256912
32 32918.9875252
32 31766.5903044
32 25574.3559962
32 15921.2882206
32 18428.3607472
32 17697.4827419
32 14712.5676971
32 26812.1643196
32 27961.3170652
32 43567.3841907
32 22644.1320417
32 39327.067493
32 47789.0406649
32 34310.5411564
32 21206.8892918
32 23663.4178153
32 30577.9258462
32 22019.2495582
32 29447.604982
32 23512.0980191
32 45050.3936253
32 43534.1007558
40 43123.2958367
40 54214.0286647
40 46506.4702957
40 15513.021723
40 54163.944159
40 39665.7782561
40 15566.5440671
40 38317.3066479
40 33800.2778076
40 35416.5493126
40 28764.0878891
40 34883.3321864
40 38914.5297556
40 34431.9504482
40 27867.4169968
40 46094.6692183
40 31749.907581
40 28043.8898223
40 27505.3451574
40 28153.0762012
40 19510.0350526
40 39677.9511954
40 42177.7108734
40 31759.4713202
40 25189.0472746
40 24024.5560953
40 73531.7619808
40 35057.2719637
40 33753.4411631
40 24750.5197934
40 44643.4231029
40 42136.9322724
40 29512.6642872
40 41378.3385456
40 88937.0419266
40 48073.7890601
40 38349.2880835
40 30633.1449353
40 24773.2140567
40 18929.2019741
40 52406.2875857
40 34715.5092824
40 26888.833821
40 17792.4655025
40 34459.2320916
40 18709.1350941
40 33593.5083652
40 35652.7448341
40 27896.0960319
40 37344.8200594
40 35623.9941149
40 53191.1095469
40 41133.8534941
40 43343.1568257
40 41835.1927804
40 44064.350126
40 39895.7591069
40 48577.2382613
40 52513.8763351
40 39028.08778
40 20814.4687794
40 61500.5558978
40 30587.3318661
40 38433.7707806
40 38838.7755242
40 17344.0571968
40 36040.2010589
40 24739.9022589
40 31434.2218079
40 32768.9752246
40 20587.6291281
40 26191.2407587
40 25737.6665395
40 44423.9327044
40 29325.0919852
40 34527.1213216
40 45346.675608
40 23195.20453
40 44726.5023749
40 31824.0391418
40 32254.7984858
40 54629.1398966
40 45092.0760121
40 53013.9477235
40 23543.1760493
40 34551.1800465
40 48995.5878376
40 34407.3002389
40 28649.736007
40 22771.9338845
40 34375.1592349
40 43915.1903972
40 30395.0677156
40 41163.1400399
40 29957.8897398
40 22703.0221662
40 32787.0655447
40 54491.5780716
40 49836.7440064
40 33238.8552006
48 72079.2993405
48 60601.4738828
48 39344.0317321
48 39717.6582178
48 50661.6156618
48 55517.4082115
48 50287.4810006
48 39173.2658292
48 40197.6052588
48 38577.2335065
48 31875.6602489
48 38868.7714159
48 42469.6573393
48 73122.6400718
48 37198.8812757
48 52180.294163
48 64780.8316921
48 27193.1305653
48 49605.511013
48 45159.5857311
48 46605.9841118
48 30644.6242621
48 25698.30064
48 29518.870506
48 39346.5640537
48 48301.3547012
48 40848.8357927
48 56633.132205
48 44683.5031096
48 39063.6136589
48 32919.0642695
48 48644.1649417
48 41499.4905963
48 47150.5711121
48 37697.2225141
48 38119.0784773
48 48927.5811649
48 52252.3737402
48 34659.7965801
48 34495.2508745
48 54226.0364657
48 43675.7532597
48 47293.5174011
48 44725.6368913
48 75821.6323114
48 50797.5339275
48 45144.3384766
48 32021.7336469
48 49225.3690084
48 32008.9219272
48 30808.5153628
48 63209.7261224
48 50469.844104
48 43353.0760043
48 42684.5179472
48 20117.6264644
48 45612.0972611
48 79307.8376428
48 42831.1637583
48 44392.9458554
48 47732.7213282
48 27376.9527707
48 41575.7330115
48 35347.1541046
48 43092.2594911
48 50676.6131863
48 67538.3132657
48 66212.2828061
48 46116.9772265
48 33621.1952051
48 55362.0012427
48 28947.8534537
48 41350.510118
48 26879.6029107
48 55297.8771178
48 57265.297382
48 59384.1600221
48 58395.8404603
48 47419.3452021
48 77754.6773128
48 40536.5267939
48 50735.3651845
48 59857.9756451
48 48964.3109774
48 32216.3021189
48 34762.5197866
48 56757.5870532
48 48885.2350704
48 66873.2985161
48 52945.111992
48 66067.7653939
48 64150.1036873
48 54786.3879972
48 34554.2359107
48 59572.028688
48 35081.0705108
48 35496.2525829
48 62378.8577461
48 35277.9133506
48 35788.6262929
