53992.786189
91836.28249
47922.366057
68818.564936
150167.64475
723420.366789
305484.652941
360660.127328
382961.467294
340739.894344
485673.702283
331448.910877
568017.975275
563484.538176
386967.557248
724380.738955
1500348.88926
735387.472569
1184787.96264
1232255.03911
1224542.74949
1138207.60999
734444.812094
1151504.41986
1262641.58474
1376631.23994
2525870.59947
1424345.47008
1820269.31537
934104.321867
1984637.37083
1587304.22238
2098615.78617
1522689.99004
1684696.14797
2087840.2102
1767034.19354
2601621.04651
2190905.52512
1897725.2262
1716847.56038
1783509.67968
2248136.67346
2324811.33239
2241192.08844
2453862.56915
3098252.49443
2114993.3192
3510807.35039
3031350.65905
2717366.99892
2619847.29002
3670092.35302
3840383.27492
2757449.87068
2882527.08656
2619248.7623
2898313.48173
2987597.74104
3206989.43048
2427395.34969
2731743.86974
3104873.13663
3057757.83553
2808800.08881
2413498.16915
2370505.46186
2459100.23811
3131691.86327
3456315.47748
2930051.62897
3231757.21145
3738048.72904
2960475.07219
2118061.53814
2325914.43608
3657078.78195
2951764.81117
2307478.78169
3548280.42041
3474410.18229
2456870.05117
3313753.87275
2728353.90584
3151262.47965
3006130.86475
3477988.99127
2590226.24286
2732804.4562
2747275.61342
3139157.66637
2847791.01266
2713364.62944
2150809.84946
2907870.16236
2999110.57599
2892893.87378
2386352.33283
3913333.18833
3260819.2017
81617.353667
36530.169958
28202.05485
132332.175285
0
666894.557802
234192.157181
188221.610802
322250.361368
304467.709895
315843.566872
760670.258172
875670.673647
578012.848357
744883.403096
1058812.90612
650057.070941
879849.935361
1428784.24095
1504556.54971
809694.41738
829074.772568
1109651.70662
1245214.31932
987855.729993
1598648.60113
1960607.92332
1725287.55661
1258804.5754
1743143.82853
1526258.4599
1897173.49093
2089427.92012
1766331.36656
2070238.91426
2315034.33743
1878132.38854
1858072.80663
1929668.54156
2322200.43663
2596414.71768
2675420.22637
2250599.69325
2961241.39651
2699175.30687
3104374.60285
3440840.49236
2601784.98661
3628102.42893
3071504.67342
2918833.09491
2902310.35466
3140831.66034
3326827.5083
3421150.17371
3656027.12573
3610293.2656
3328537.17956
3382378.08968
3584810.86571
4051482.43233
3663902.88702
3883498.21821
3761354.40527
4244868.77077
4518760.14754
4580416.84561
3979597.51713
3670515.12966
3965868.23469
4856742.4456
5872388.3639
4597330.627
4344169.11874
5342763.42543
5674411.37011
4549326.00107
4839835.60308
5154961.65882
4568817.53778
5276646.8697
4901463.96101
5636720.49202
5962546.42386
5748540.13592
5249620.17124
4483291.38664
5077105.19885
5979299.69379
5524792.64859
7675395.09514
5450293.36803
5325655.00845
5530783.34985
5725121.65604
5982343.38343
7237820.21633
5003750.09531
5688974.07189
6709484.53939
0
3387.44088519
1052.71960596
2588.50077469
7025.21016525
15196.0177247
5161.66251696
9303.73695531
7287.46020112
3662.71957923
12082.8723886
15012.8371827
19145.6004267
30657.8203492
11555.9092627
24225.0006562
19723.9937615
25490.2942076
20326.0786954
46892.012841
31550.0118206
27809.6684161
36181.5150667
29142.629958
32189.3983523
20414.6777011
37453.2365109
30138.4076305
48299.387946
22774.7781031
88455.8945036
42718.167049
34793.7387109
61917.7927801
88416.581948
41082.5985425
53217.4440526
45043.8728019
68117.1502478
35308.7095248
35131.6749768
68756.318088
50772.1848978
49966.4640798
53553.7028331
65807.6276319
36334.0561052
48467.4892389
74696.1230936
54767.8277297
109532.130757
90457.6630741
71931.8148779
61172.7777156
80156.1308246
71565.6008979
97591.5673368
48576.6359719
76281.1978358
64022.2332063
54186.300085
46272.0305563
76373.0403674
90486.6615314
116686.938211
81402.4321752
88179.2340961
87747.93839
71097.829759
55974.4207003
103296.910617
73158.7327487
68944.1433271
75386.5567439
72054.6757376
79734.2335394
94244.5866475
68022.7956839
101888.451414
67489.8713614
78843.5567112
85124.7140204
91149.029677
118233.604199
146912.391689
103798.316263
100648.848263
106859.169756
120438.370753
81454.4045882
132828.668608
101353.230388
111122.312632
98083.9587658
126958.085279
106261.286175
97622.0191644
117367.354493
113561.327915
103717.132982
