53992.786189
91836.28249
47922.366057
68818.564936
150167.64475
742321.672174
305484.652941
360660.127328
382961.467294
340739.894344
575069.255525
331448.910877
619549.835236
618021.025224
493475.617743
769287.228214
1699414.52334
756342.458601
1241481.93208
1412917.98466
1350777.13768
1346905.90778
752085.366735
1290738.75074
1384388.85507
1547325.77819
2702460.68726
1678603.96337
1946311.77567
1199181.42585
2159211.57783
1657555.71509
2376551.50788
1826116.26501
1729345.66789
2403446.12902
1833801.93879
2875224.71413
2372775.965
2152625.39478
2248547.52298
1972937.54007
2462933.20742
2528736.51141
2415784.68732
2704265.00186
3592267.42663
2544156.29005
4003729.11555
3343481.8121
3370111.08251
3323787.6932
4285029.74793
4417399.03892
3424144.98508
4205199.60647
3932793.928
3694246.76221
3932385.1898
4243705.41475
4473307.108
4146474.90553
4424849.99472
4766556.06739
4626645.94983
4480926.18954
3733009.99458
3945398.17544
4885358.90064
5183378.27217
5599631.28155
5818925.85479
6138595.36052
5676021.4118
5284879.06755
5689710.84641
6490289.75463
6067536.63639
5105138.3098
6462705.00428
6210794.4065
5514427.8768
6141962.61828
5120802.9097
6951864.17453
6640242.94182
7147207.63217
6304657.19691
6430454.6364
5929648.28682
7282185.41764
6508285.54153
6848613.94167
5433253.42082
6312535.65428
6395143.83846
6419193.14794
7215657.5861
7996037.36855
7511713.82984
167790.756082
36530.169958
28202.05485
132332.175285
0.0
666894.557802
234192.157181
188221.610802
434894.413096
357212.618547
330546.572475
818623.568573
921392.260389
728267.633134
776245.085706
1180239.15778
650057.070941
927174.512816
1585785.40726
1606393.58177
973719.449043
875525.062866
1117679.54313
1280122.18372
1249847.44093
1650116.94149
2229447.32308
1896486.2893
1315813.87128
1859309.15384
1684191.12716
2052290.49664
2315078.9218
1840314.16325
2073171.85058
2537156.37518
2117035.63356
2110502.24032
2182738.87062
2500015.02687
2877665.02825
3038740.17703
2542648.40158
3322330.80994
2928753.20791
3303898.22782
3882610.93812
3002387.9797
3823346.69817
3513764.09626
3329038.37228
3336440.75379
3434941.53156
3741262.68894
3439528.08974
4078052.92214
4050773.26483
3810431.72056
3943017.54526
3967636.61211
4852081.64232
4719279.53594
4125705.53224
4176967.02098
4804287.95403
4999118.88814
5419360.76064
4531201.1514
4437820.81265
4370108.48841
5395654.84086
6220050.4917
5307491.54563
4870400.3534
6368541.13115
6053385.14574
4907506.30256
5759903.63541
5844639.67789
5407987.27649
5827565.07571
5318571.61109
6153682.44478
6026717.29932
6472419.3227
5936934.54009
4982263.88863
6353823.74252
6684759.2834
6279668.28381
8979975.75898
6168190.68465
6413414.32967
5971531.40866
6297436.60558
6931418.09287
7899266.30937
5697831.1745
6987028.47912
7576534.80354
